time,x,y,z,phi,theta,psi,x_velocity,y_velocity,z_velocity,phi_velocity,theta_velocity,psi_velocity,rotor_speed1,rotor_speed2,rotor_speed3,rotor_speed4
0.06,-2.9016061409490036e-07,-2.2854853050570684e-08,10.004918249842934,6.283156560531211,0.00025618953208805806,0.0,-2.5217992354912937e-05,-2.344484931701359e-06,0.16393154233184273,-0.0014550628380440114,0.011674211889517512,0.0,456.361535843148,457.29218626259177,456.7002174070743,456.58417803443024
0.12000000000000001,-1.0650949755599148e-05,-1.1942298301059794e-06,10.018420939758366,6.282766673756591,0.0014480491127875084,0.0,-0.0004236039953943647,-5.9056813241804056e-05,0.2861346317220215,-0.019212143293383152,0.03259588311527615,0.0,442.35194552731014,444.0711427811903,445.37396249411614,443.91959143786414
0.18,-8.062497395365363e-05,-2.0235135120945457e-05,10.04232158869343,6.2815003974045265,0.0037204521652745015,0.0,-0.0021653288225853525,-0.0007208879223024539,0.5104792889655525,-0.02518661699094005,0.04675539437304569,0.0,473.9444081830061,475.0318367112071,475.4076830194591,474.9497926258041
0.23999999999999996,-0.0003079880521732484,-0.00010792587770759016,10.077912594121791,6.279994680387929,0.0074751542432647256,0.0,-0.005791741797467078,-0.0023704312501792555,0.6758016937446516,-0.02491326328611428,0.08316605047227096,0.0,455.4628135257938,458.36757620613923,457.9839696456289,458.00562360011617
0.3,-0.0008573614420561228,-0.0003336261544202504,10.124849705559535,6.278351071645126,0.012231972240570599,0.0,-0.013099721440788331,-0.005338047365011023,0.8886213415287307,-0.032882334767650165,0.07008901124187832,0.0,472.2012703415846,471.1961303026553,472.3042388277743,471.6891602517232
0.36000000000000004,-0.0019528355517594697,-0.0007774533904956701,10.184249766374245,6.276180663677636,0.016873231278480283,0.0,-0.023935673287655952,-0.009696880284741832,1.0912006131793146,-0.04373569925267018,0.0889219268533508,0.0,467.9688088449327,469.43658791955426,470.0357218154549,469.19342447644203
0.4200000000000001,-0.0037335600404931587,-0.001503735027001125,10.25135524125305,6.273604276555748,0.022162692009566776,0.0,-0.03592692453483981,-0.01475966256103497,1.1455836735765081,-0.04139410843121302,0.0865847486980635,0.0,423.7396632183114,423.5455994188474,423.13285897909464,423.3332512253669
0.48000000000000015,-0.006389725776378715,-0.002606367701065277,10.32407712121628,6.271383101414234,0.027169768078314505,0.0,-0.05315472888078551,-0.022243301743187154,1.2783235274206641,-0.029459429079256798,0.07630878602752485,0.0,450.3996154829015,449.5734127117252,446.64550849330163,447.6170294710815
0.5400000000000001,-0.010140024147059817,-0.004183460892627353,10.403121552774206,6.2697739864542115,0.03209718804056916,0.0,-0.07232413210756466,-0.03049149126053698,1.3563847128803213,-0.022001180550689118,0.09175791101449901,0.0,430.1392789340875,431.45110193265305,432.15613728763867,432.7840852812591
0.6000000000000002,-0.015112213784573648,-0.006273635208149217,10.485933561911983,6.268431140484081,0.03792000801620521,0.0,-0.09394913072393486,-0.039305428312753715,1.4039369448382348,-0.0231508676846457,0.10594144188846068,0.0,420.69775717890855,421.9324743683011,422.6037676810228,422.50461192168314
0.6600000000000003,-0.021504184038188007,-0.008921701243713338,10.571809798906214,6.267022355910672,0.044253447401024104,0.0,-0.11971864194019667,-0.049095347074203564,1.4585078686507709,-0.024145660618595507,0.1047784754637804,0.0,424.2635858101688,424.17406166773935,424.6766476423462,424.59123393387625
0.7200000000000003,-0.0298061426532512,-0.012271575905132046,10.666255556307148,6.265578712163483,0.04996698638209729,0.0,-0.15775015627828462,-0.06273695432839829,1.6893308809870167,-0.023891424770865567,0.05756959856264558,0.0,480.14200571165907,476.5534916457924,479.54364581328497,479.5629296102958
0.7800000000000004,-0.040253264455816694,-0.016381457522084555,10.76934006023814,6.264808912537077,0.05340001826799057,0.0,-0.1908130453278265,-0.07435689454806158,1.7467110303661242,0.0031833842372266906,0.0565032197366487,0.0,426.7697233619564,426.6811002633043,424.7916856589063,427.1069656710621
0.8400000000000004,-0.053023300250072625,-0.021290244456338092,10.880899377438057,6.264456945075942,0.05630063411186459,0.0,-0.23522686145969948,-0.08925483525148725,1.9715461903600593,-0.03831853086819495,0.02225918689909505,0.0,479.6531241360166,477.0467154972132,479.54881668737244,476.3861320431859
0.9000000000000005,-0.06835831994901513,-0.027058365640510118,11.00309622255101,6.262455144846694,0.05736612487030879,0.0,-0.2760586933284334,-0.10323861330352696,2.1014347627045904,-0.024945194378618474,0.006753120875577388,0.0,451.8495727189039,450.5977925407998,449.16204140129787,450.2447787354163
0.9600000000000005,-0.0862367083171184,-0.03373282342392178,11.13436527740945,6.260697021978917,0.05784062184874017,0.0,-0.31992026921650674,-0.11941776705659043,2.2738601168857446,-0.039870394730974736,0.010123975888242183,0.0,465.1300143471102,465.3937969290939,463.234727731608,462.0593830986705
1.0200000000000005,-0.10650055805292703,-0.04131965738111845,11.271528018492395,6.2585171395594585,0.05818824926183286,0.0,-0.35558589848337974,-0.13368245673783316,2.2981695100507396,-0.03005735046781503,-0.004697678870685472,0.0,417.9119878760817,416.618038645269,417.97633995493584,418.8299412478275
1.0800000000000005,-0.1293620358696645,-0.04999504536908873,11.417934289737975,6.256975744019016,0.05817934837705785,0.0,-0.40641421688888363,-0.15569673066912895,2.581429978452721,-0.018139709666570424,0.007675245852643348,0.0,496.79952322567846,497.7058827969108,496.24123383651875,497.1151742845445
1.1400000000000006,-0.15487134942653677,-0.05984400521222041,11.574386237475617,6.256674812873936,0.058519705175832826,0.0,-0.44393078647552253,-0.17265727917019927,2.6335053752990083,0.013100381556271528,0.0013318527882667137,0.0,429.61509098392685,429.0768157308106,426.32761554526894,428.98857370334673
1.2000000000000006,-0.1829701495548622,-0.0708603842567635,11.73962839622586,6.257259832748911,0.05885746669782943,0.0,-0.49269278690407964,-0.19445527516882732,2.8739834912559967,0.0020285785380925376,0.01307550330325312,0.0,486.1448417776804,487.0238912591992,486.41401601354903,485.58405595313536
1.2600000000000007,-0.21407497558566255,-0.08320109013074756,11.92045125981105,6.258400912847172,0.05923643346207985,0.0,-0.5441773574417843,-0.2167863067129306,3.1527038368075546,0.04059883195368824,-0.012770270160464147,0.0,499.0482608766638,497.15811069849644,497.1047690883421,499.92306521389924
1.3200000000000007,-0.24818134669904943,-0.09680551676269185,12.116461705695999,6.260868778845371,0.05805221489306778,0.0,-0.592557975575705,-0.23638381633039163,3.380335757130108,0.04217466156722549,-0.03972197379739553,0.0,486.75569082033286,484.73450586133464,484.6754179107235,484.79457729017975
1.3800000000000008,-0.28496431049783866,-0.11145264229613427,12.322820394663236,6.263590073498808,0.055758188893905825,0.0,-0.6332826143442667,-0.25157237523375897,3.4979486045583594,0.051056233889314476,-0.03541280289111655,0.0,453.5632198903303,453.9085001135442,453.4679595589531,454.18201055330866
1.4400000000000008,-0.3242667398393612,-0.12699384208239786,12.53844327402606,6.266610404050617,0.05374518764644698,0.0,-0.6765336863007327,-0.2661069976140524,3.688896934459862,0.048864543725878444,-0.030063623296729104,0.0,477.4408273083961,477.84841724482493,475.4828657899654,475.3163441668536
1.5000000000000009,-0.3659923221698896,-0.1432983719007104,12.763141679717787,6.270110103202377,0.05158072422096538,0.0,-0.7141054416380742,-0.27703507967700997,3.8006966945572533,0.07256746379416365,-0.05216182591058362,0.0,454.9984580167495,453.2250802153903,452.79548405737,454.7006268432874
1.560000000000001,-0.4100300817009977,-0.16020631013818457,12.996645386057766,6.274052918049675,0.048409921300024195,0.0,-0.7534384523403149,-0.2860782508332854,3.982167943613396,0.046236347141009465,-0.05425239503713111,0.0,475.760643466916,475.598917550516,476.5480681297044,474.5337123831041
1.620000000000001,-0.4560370409588605,-0.17751552649624786,13.234377720614637,6.27656049234924,0.04521094928102709,0.0,-0.779880826507207,-0.2906822108522551,3.9424005637384596,0.030965549599366888,-0.05150731532573888,0.0,407.18287922074825,407.4262508520772,406.85332921468193,405.4847389684484
1.680000000000001,-0.5037320030242932,-0.1950830598445228,13.473121735271265,6.2791820030359435,0.042189579781522824,0.0,-0.8096502371788808,-0.2946751032924605,4.015496217075948,0.06141333128317928,-0.048148647380983456,0.0,442.3131844977142,442.5881054703738,443.35134668415725,445.8471360311971
1.740000000000001,-0.5532386613155846,-0.21283929255299042,13.71824206200417,6.2829440082085135,0.03888478914344429,0.0,-0.8402337813972167,-0.2967983738135313,4.154703981224234,0.06515573035831443,-0.07489730576296362,0.0,464.9984281221664,462.8959741477698,464.6815567110475,464.9775035637811
1.8000000000000012,-0.6046260655758858,-0.230638775039786,13.974918487039572,0.0036532154112522974,0.034748985669513566,0.0,-0.8721266276236097,-0.2960384300780611,4.40029081693023,0.06440986023011554,-0.05908469501222556,0.0,495.40240787930696,496.5606679547082,496.65958974782416,496.6074930586197
1.8600000000000012,-0.6576415571941897,-0.24831963048758243,14.240822920215889,0.00762358662039464,0.030913938180058942,0.0,-0.8947057866485291,-0.2929482185131315,4.462968857395533,0.06948271498182436,-0.0759470391323568,0.0,443.8907941096003,442.50160364900404,443.9085545385191,444.32792381583164
1.9200000000000013,-0.7118720054521529,-0.265754585836532,14.508380671487979,0.011657538858055538,0.02614061179848104,0.0,-0.9125885717299198,-0.28786465258502725,4.455677479190907,0.06230531945225113,-0.08797230955042443,0.0,421.8817878012862,420.8365354404347,421.94513845516434,421.3286160297205
1.9800000000000013,-0.7671983940793969,-0.2827638157087401,14.779701696919675,0.015555052210535436,0.020372243757987185,0.0,-0.93104586089867,-0.2787091951960667,4.587863755132299,0.06979514747338447,-0.12224320282234354,0.0,467.52669444685023,464.8404827769264,464.30404951264035,464.89423497960695
2.0400000000000014,-0.8235099395533009,-0.299132261336686,15.05930639871264,0.019361676948141948,0.013991663073610994,0.0,-0.9452783314406383,-0.2664773340693264,4.731741668397399,0.046049221843838056,-0.08569536944504848,0.0,468.7609977903666,471.5827629489645,470.50999256885535,468.67037025804757
2.1000000000000014,-0.8805379477131822,-0.3147002360926226,15.346984287463194,0.021980085310149278,0.008480731835734723,0.0,-0.9551024567571237,-0.25218029030227945,4.857021017501199,0.03832646024551352,-0.10846521538128827,0.0,465.2867234415418,463.4934688605411,466.79434684301253,466.1921985927
2.1600000000000015,-0.9380274798423027,-0.3293780440334956,15.641198398634721,0.024169563625402013,0.0021341219627144525,0.0,-0.9605782264349918,-0.2368611343136134,4.94974659418562,0.032543154985287974,-0.10088338838910327,0.0,456.361926183213,456.95728929065643,456.72170992656885,456.26072499226194
2.2200000000000015,-0.9957160199022514,-0.3431861422786444,15.937183190396576,0.026070016906061255,6.279019554035241,0.0,-0.9618784693564579,-0.22324530441384954,4.91658058929886,0.029877480173072308,-0.11484297776831144,0.0,418.14792694105836,416.9193205667458,416.6059810359422,416.37323217973295
2.2800000000000016,-1.0533793129620457,-0.35615352895181807,16.23089082322389,0.027820505011171726,6.272297923765226,0.0,-0.9596922036925989,-0.20885106881486162,4.873880399413143,0.02773130432216655,-0.10692307615808468,0.0,412.37284766176964,413.0597361796488,414.22100323395654,414.03251318793724
2.3400000000000016,-1.1107555529276443,-0.368113241471131,16.52613044357874,0.02979136609285682,6.265554676724957,0.0,-0.9522031993300314,-0.18963056554557112,4.967058163034311,0.041499082385934874,-0.12649710645208634,0.0,458.18188014961703,456.61174050388576,455.50071559062997,456.60091916445685
2.4000000000000017,-1.167512290122745,-0.37882837289835947,16.82854603824363,0.0323262900922332,6.258183811409216,0.0,-0.9388985493669965,-0.16728532443848285,5.112836442600834,0.04370700193899927,-0.11640460289361919,0.0,472.78322469479986,473.5475546870511,473.44427763204783,473.61499144345026
2.4600000000000017,-1.2235102504087985,-0.3883928285226789,17.13219242767889,0.035013276926796344,6.251359949992569,0.0,-0.9271997477765985,-0.15132244812575363,5.009181454185965,0.046852246034190456,-0.10886255563201613,0.0,393.0931581462544,393.77817743513435,394.6338709501979,394.9255644043889
2.520000000000002,-1.2785020331283063,-0.39673636793238615,17.43589757048477,0.038079560785256206,6.244593295050915,0.0,-0.9051991825116769,-0.12650799934312296,5.113862210053982,0.058480199499877594,-0.12204852171201037,0.0,462.2782446173279,461.2269987134715,460.5337603307239,461.45423729248785
2.580000000000002,-1.3320292158255211,-0.4035225566477932,17.745938117749265,0.04137658594793692,6.2376051889108055,0.0,-0.8783294772168581,-0.09936457290066818,5.220337104595864,0.046746591988891896,-0.1071639267812317,0.0,461.3979027850325,462.55996760057235,464.20912468631326,463.2892074832395
2.640000000000002,-1.383937904856185,-0.40873497477345977,18.059470079935302,0.0443532707008254,6.23136188407881,0.0,-0.8514020836264444,-0.07412650806721255,5.230671169586506,0.05479885926441374,-0.09847184063721418,0.0,434.7439171236451,435.46199446622023,432.1410161779716,432.8209474631473
2.700000000000002,-1.4340267559430904,-0.4122985750003589,18.375385468056805,0.04747319101159686,6.225130940752024,0.0,-0.8176541068437075,-0.04436088719148213,5.299506653996639,0.04571249822609015,-0.1176614036319608,0.0,453.1609907525131,451.60616558502653,452.9014775434987,452.1716468057258
2.760000000000002,-1.4818709105042638,-0.41394099942223805,18.69698253570666,0.050755086926959514,6.218052829590967,0.0,-0.7764418629525235,-0.01009220924673099,5.419806151392162,0.068381671542229,-0.11858933636658421,0.0,469.43797103752496,469.35426639447536,467.4161739392534,469.1814948536715
2.820000000000002,-1.5272682600841239,-0.41358963008148014,19.023136077043937,0.05478078392114316,6.2104552835159215,0.0,-0.7361437032059327,0.02217039267109179,5.451789851506383,0.06439007345244353,-0.1519487694870887,0.0,444.83324038030025,442.0770026256682,442.37762027354887,442.05214861254683
2.880000000000002,-1.570327850219648,-0.41139853612593325,19.348133688163248,0.058854773096790325,6.201299553141027,0.0,-0.6984488917349543,0.051190015096170945,5.381753730917999,0.07412606545307815,-0.15391967928251268,0.0,409.6814648046417,409.4820146230358,409.1346027874221,410.0045469336038
2.940000000000002,-1.6103585956891098,-0.40695703864561766,19.676358458170267,0.06337164612980395,6.191996423222635,0.0,-0.634926683981858,0.0973153325379541,5.558151598191589,0.07749562415141294,-0.1574160174748869,0.0,486.17244142247824,485.88988409689256,486.79266861847964,487.04868549836556
3.000000000000002,-1.6466670807994146,-0.39985308822739446,20.011888469051772,0.06852441922609032,6.182536262804197,0.0,-0.5744637931160486,0.1399388940512113,5.625762071283782,0.0988411200892245,-0.15818018481030652,0.0,455.498135554107,455.41410589313676,455.2365094325874,456.9472949131519
3.0600000000000023,-1.6788807726710682,-0.38989726700267796,20.354168630196924,0.07392476750500077,6.173044295396579,0.0,-0.49835146995217805,0.19250191828248406,5.782671083777989,0.0593686944793751,-0.15823797848729332,0.0,482.8874851600561,482.8615760312452,485.6197611134316,482.6548896153554
3.1200000000000023,-1.7069138432178932,-0.37707582329700123,20.70051341429424,0.07752676539643044,6.163938601543988,0.0,-0.4352844155899932,0.2351844846968678,5.762150304366013,0.061329874948112505,-0.14123289049059312,0.0,430.318634014688,431.73328404720303,429.78002018392436,429.94892146277067
3.1800000000000024,-1.730886591505962,-0.3615534500214953,21.046614420238964,0.08131378039390569,6.1560664360151485,0.0,-0.36308093183030177,0.28254976202957544,5.7743629123032845,0.06646928426276591,-0.11632899213672979,0.0,439.4767914679156,441.5201101385576,441.51479837825127,441.9416041995567
3.2400000000000024,-1.7501528693660817,-0.34297254895620394,21.395230366999726,0.08530610637353941,6.149002350950102,0.0,-0.27847544544437197,0.33716629769433315,5.845663093620991,0.06667730121378573,-0.12070291453307283,0.0,459.5042844592254,459.1453898876594,460.905790607055,460.9253550762459
3.3000000000000025,-1.7638208075389403,-0.32079866316377414,21.750859311086003,0.08935057596949303,6.141706093440632,0.0,-0.17641547942126576,0.40232766155282884,6.007623040514917,0.0688295589427668,-0.12346899274138577,0.0,488.06912476119004,487.8506776823165,488.5878911444936,488.7513026403098
3.3600000000000025,-1.7716804327111813,-0.29492807545749755,22.1128227492729,0.09343803882065771,6.1342280946337215,0.0,-0.08489466031204301,0.460378165011479,6.057381595581866,0.06667611357923516,-0.1270674247114198,0.0,456.2023978778632,455.90123439397274,457.18537788269464,457.01708501033966
3.4200000000000026,-1.7742008917580425,-0.2656840776824801,22.475773090950128,0.09777424761087516,6.1264636617487795,0.0,0.0015542914631727044,0.5147711650196524,6.0408598364744055,0.08159741079566327,-0.134547799297585,0.0,437.10685255544774,436.4671835634593,435.3374409436134,436.5885287615512
3.4800000000000026,-1.7714677976666775,-0.2331446513005171,22.83726491830295,0.10291421687503988,6.119489050120853,0.0,0.09019383808869838,0.5702916907205388,6.008825851732788,0.09276026003845173,-0.09362054607859899,0.0,429.9202401757368,433.3610890070558,430.9319102123168,431.88090755709476
3.5400000000000027,-1.7632370800170638,-0.19714753903400853,23.19719630726806,0.1084823758765685,6.114214512411314,0.0,0.1846470904777673,0.6300746450470659,5.988773586726744,0.09288723348971209,-0.07841866178487862,0.0,434.8029200704813,436.06819840321276,435.7061895472035,435.72426372375696
3.6000000000000028,-1.749245280693123,-0.15746788723590485,23.55591076985899,0.11483206488270081,6.109961619198966,0.0,0.2821458715842792,0.6930816714273788,5.968252951368265,0.12375355078569462,-0.05896738063771842,0.0,435.049024502525,436.6708683208724,434.20068604043075,436.79259403861056
3.660000000000003,-1.728560562578362,-0.11338851878399725,23.917716371696674,0.12239957235302157,6.105951079029239,0.0,0.4076222156581857,0.7769218868446415,6.091000622996219,0.1304859650248491,-0.09128407720100225,0.0,481.84039616444534,479.38723346043514,480.7306363395646,481.2537238208439
3.720000000000003,-1.7012685619452983,-0.06481696256979738,24.28123367707667,0.12995922704119245,6.100555809083922,0.0,0.5025938522584705,0.8427456360074944,6.026305145079488,0.11503088110396242,-0.08732766055952475,0.0,423.5960045977868,423.92897893911396,423.37530268520146,422.05837152475226
3.780000000000003,-1.6676516973613527,-0.011802644535147977,24.643713930008065,0.13671076776597335,6.0956502058313475,0.0,0.6183955917144893,0.9249709310649836,6.055894800294963,0.10697999587461021,-0.07247060344489217,0.0,452.51729624329624,453.7065508591681,455.335712527818,454.7019529373394
3.840000000000003,-1.6270710449893027,0.04621081783327283,25.007536141411755,0.14316669266936977,6.091182908782523,0.0,0.7346597799224488,1.0093402775117577,6.07110983390082,0.10880737330369147,-0.078749835050525,0.0,450.7736767314629,450.2615912249114,450.3873449677416,450.5451464709371
3.900000000000003,-1.5793657367417455,0.10944781734237814,25.37255641192148,0.14912562036658716,6.08649880979463,0.0,0.855901198911627,1.0990824912717259,6.0957503609739625,0.06243244241722108,-0.07673975409082305,0.0,453.7721209160397,453.92877121770437,456.7681517218454,453.061270799234
3.960000000000003,-1.5247824339428877,0.1778035114480966,25.736622382469033,0.15316726070321884,6.08169319832923,0.0,0.9639518855806686,1.1797499711623116,6.039775711842372,0.07573746513246743,-0.08781944703452767,0.0,429.7976294097086,428.8518652131002,428.06797879412676,429.2024790758772
4.020000000000002,-1.4627534621361864,0.251721221465922,26.10154908338571,0.15756955162472686,6.0770984828827075,0.0,1.1040416304714717,1.2844938490729934,6.123613285951381,0.06816449731371271,-0.06038155231933155,0.0,473.09858780808906,475.20235430563224,474.0295343572177,473.450921883382
4.080000000000001,-1.39284612337613,0.331543190126489,26.468567979971827,0.1623194441424909,6.073308389165961,0.0,1.2264972171864157,1.3765774051535564,6.110076116514711,0.09510618834563538,-0.06941944049298962,0.0,444.54507997711084,443.80078023950335,444.50597409954815,446.713607260315
4.14,-1.3157334839643515,0.4168126934086911,26.83377776364055,0.16770905626646027,6.069984899411034,0.0,1.344228917895838,1.4661709750142642,6.063469504169035,0.07634323720280183,-0.036419812145067815,0.0,433.070303701046,435.83527740251503,435.5138891000265,433.9481318547006
4.199999999999998,-1.2313670513112462,0.5076472864590587,27.19680811423519,0.1723043584256505,6.068710456164085,0.0,1.468098983967683,1.5619960870624583,6.037347935496171,0.07707389796165476,-0.001214148345676843,0.0,439.9657710165303,442.8714961587838,441.78265642773187,441.84758603514746
4.259999999999997,-1.1392769967912506,0.604524935780096,27.55950361185851,0.17758149302121318,6.06890726036017,0.0,1.6014800845902124,1.6676329134359718,6.052088627403455,0.10376168431779824,0.011021482590147756,0.0,455.4658906368269,456.44357907522703,453.5849345032328,455.7295783995775
4.319999999999996,-1.039985864719429,0.7071895850681414,27.91947744675089,0.1835116453478962,6.070030793525488,0.0,1.7082142167891357,1.7550057004283732,5.947302964096469,0.08651433108803037,0.030854808986990903,0.0,416.3186523287134,418.05084921355774,415.9323345179928,414.42770185776715
4.379999999999995,-0.9344433918023565,0.8150669826635502,28.272563433049974,0.18855801373460057,6.071920818347065,0.0,1.8098104638600776,1.8413263625384237,5.822630176746896,0.07879681465346709,0.03276109733794608,0.0,409.01050369214056,409.1807320121748,408.2168340635289,407.5338647409191
4.439999999999993,-0.8225416159834984,0.9284496287991059,28.61951834580359,0.19363293775591117,6.0738537379583395,0.0,1.9201094702861041,1.93848355974837,5.742680535167438,0.09417507790231419,0.031101037366863774,0.0,423.3349311203212,423.19246794120835,422.6238329156341,423.95371970545636
4.499999999999992,-0.7039981506587059,1.0477929280224352,28.96194795718052,0.19928032858826228,6.076298297859111,0.0,2.031158163274554,2.0400662388836395,5.671722504486881,0.09401926111240538,0.055187249340528724,0.0,425.99151513865445,428.0475544983681,425.1002710116004,425.0948645913772
4.559999999999991,-0.5780103221675917,1.1741065751001862,29.30400878072185,0.2052438402601986,6.079148164682053,0.0,2.1679581304444966,2.1708114449192437,5.729678802254697,0.10840497495637451,0.024041058609998243,0.0,469.43009488663347,467.007585011248,467.34194547758597,468.46998014110363
4.6199999999999894,-0.44453840157643193,1.307719958615874,29.646384533979298,0.21165526385859135,6.080849676111477,0.0,2.280924401657974,2.2834568566877937,5.682751758077441,0.10356912176495202,0.0358334005725298,0.0,435.9359788192457,436.92069734936234,434.72888376290956,434.3336847931532
4.679999999999988,-0.30477498605863534,1.447730626822964,29.983801952506745,0.21834591794443892,6.083358470305921,0.0,2.377711465380826,2.384071228066393,5.564813981074514,0.12392821216881306,0.05167791312524607,0.0,410.5149050505393,411.9198849281493,410.04136835843497,411.8583712056913
4.739999999999987,-0.15830250067119433,1.594897291279762,30.318732247064222,0.2253786375926854,6.08623967903706,0.0,2.504259626724117,2.5220249731021838,5.598967366726898,0.0983385226691976,0.03946414307884023,0.0,461.551827245525,460.58796591292946,463.04277032510333,461.03626542380476
4.799999999999986,-0.004587934269279906,1.750139785315187,30.6542998528089,0.23108198806678537,6.088620779113789,0.0,2.619240127422529,2.653133092700404,5.586336869520819,0.08752067015722466,0.04012298678763592,0.0,447.75694022715413,447.8113323821889,447.9048275423187,447.0315443959692
4.859999999999984,0.15603785450003127,1.9134178013457162,30.989436710605016,0.23581794122040112,6.090801471812139,0.0,2.734618376231238,2.789800554083528,5.584556076579167,0.050103716168516,0.027452771514442694,0.0,451.81662924208996,450.7942911597919,453.7501592556058,450.7400865156839
4.919999999999983,0.3233577118556442,2.084749012278587,31.323574258975903,0.23921495067295773,6.092623078012789,0.0,2.842466373297537,2.921420956554273,5.553231217441117,0.06720214217492333,0.03561819845261585,0.0,442.62471615592216,443.29665900828275,441.82444225004997,443.23438084326676
4.979999999999982,0.49662404486637274,2.2634371684600123,31.653424386958417,0.24299735468404293,6.094792181774526,0.0,2.932908609310201,3.035150204647768,5.442091549034067,0.05305169234760756,0.03719775557509673,0.0,416.2915648302467,416.4304764173495,415.6139029429506,414.374628404297
5.0399999999999805,0.6757231827201179,2.4495645850720695,31.978923883405397,0.2459476359394257,6.096721973112121,0.0,3.0367824839497355,3.1692569924287195,5.407789347505708,0.03999243709648264,0.01948035206876323,0.0,442.02469071086114,440.56222332535526,441.93290762389205,440.85640551896125
