episodes,rewards_total
1,-5.034955581920119
2,-5.0884543828766855
3,-5.038360354248187
4,2.197011055084541
5,0.9888263248268867
6,-43.98786277063286
7,-5.3216351199721785
8,-1.068333835011206
9,0.7132111084605626
10,1.8019765114164024
11,-0.9076977753579492
12,2.8664147497159433
13,-12.224315304917923
14,-5.430865278294132
15,-1.0148019167085813
16,-7.886253676585852
17,-169.03486371599743
18,-166.8922002294699
19,-167.34720401874665
20,-165.8619469904304
21,-164.0009966848843
22,-162.57460037551783
23,-165.73698934326663
24,-166.17054520920703
25,-164.5192339584141
26,-2.750963366293572
27,-3.5910242194358624
28,-3.231803858360305
29,-3.4874344899885905
30,-3.0783751997026734
31,-3.661616351297784
32,-3.375577176896016
33,-3.372511537769224
34,-3.1986964854420705
35,-2.753462443690033
36,-3.3882352388396377
37,-3.4334733061539033
38,-3.74006495866254
39,-3.799447324234581
40,-3.783239214249626
41,-3.2092239368616475
42,-3.30980635947963
43,-3.3071035471321117
44,-3.487570383981968
45,-3.8240724293022623
46,-3.5961269867422097
47,-3.8396895964722226
48,-3.5135780830325203
49,-3.8093920568965274
50,-3.629342377259693
51,-3.959907407461799
52,-3.6171010276964672
53,-3.5352992116335855
54,-3.1685137580679985
55,-3.51777376988359
56,-3.0789261083226336
57,-3.6375402031045354
58,-3.6788409682717393
59,-3.3577457755158733
60,-4.501052515890365
61,-3.649805278441537
62,-3.4704035052303546
63,-3.5830920837694826
64,-3.0012694382306044
65,-3.194566203301399
66,-3.117225287061512
67,-3.748793151402957
68,-3.0080134179689324
69,-3.499255684674406
70,-3.5064334722362176
71,-3.356198224361112
72,8.338577034010918
73,8.338546292230546
74,8.338573963819226
75,8.33858759385113
76,2.6394724727701444
77,-2.6772802118740486
78,-3.79301712044931
79,-3.4572949931817156
80,-3.6779994312082565
81,-3.220687667959364
82,-3.2797902823291203
83,-3.549229974003836
84,-3.7653915618572
85,-3.511173952294559
86,-3.6853787304972556
87,-3.837948292831946
88,-3.4651303170744328
89,-3.685136692681496
90,-3.7008568352315905
91,-3.3536602383610337
92,-3.3247873189620805
93,-3.346684569917681
94,-2.93572151130941
95,-3.576184193060019
96,-3.5370682419945183
97,-3.347731189169103
98,-3.0815363928543817
99,-3.4972678838601077
100,-3.4177477192144217
101,-3.1218185371565923
102,-3.4343490355290385
103,-3.1508242520936136
104,-3.9227064090597246
105,-3.1879615733853726
106,-3.3441398834620273
107,-3.615891406994141
108,-3.4739748201829244
109,-3.6999326142348785
110,-3.365578982187973
111,-3.928592190868848
112,-3.583022618655484
113,-3.4950410601369306
114,-3.7144178750853847
115,-3.1462216840719535
116,-3.6096641870603925
117,-3.633999223930182
118,-3.1774666823638285
119,-2.5051577586799247
120,-3.2971255541238165
121,-3.434839090828774
122,-3.088693640598162
123,-3.2810218096222705
124,-3.495845085608728
125,-3.7517016541084125
126,-3.790375239635175
127,-3.465819247724312
128,-3.8175787178767813
129,-3.436244961038934
130,-3.7893067137312215
131,-3.355133403258261
132,-2.996943184145227
133,-3.549373469777624
134,-3.1898429340367684
135,-3.4338414494373843
136,-3.338196544033803
137,-5.985723644234145
138,-144.13277164690703
139,-153.1294791234355
140,-149.12175690289394
141,-146.19439214164788
142,-154.57809835586423
143,-161.29244532069993
144,-154.4902165203736
145,-160.83417355466452
146,-155.88870370375304
147,-156.74843220273203
148,-156.44347321342283
149,-161.2102150413249
150,-155.73854891525622
151,-153.25748281190266
152,-155.89589006722449
153,-151.05923802090314
154,-150.94952178264634
155,-154.71676689178193
156,-157.9232215831379
157,-152.13715923436115
158,-160.0998682556049
159,-157.98321546130325
160,-153.86279266878148
161,-150.28351577424883
162,-156.63116106826135
163,-150.65718770796062
164,-156.1101001769304
165,-148.37028559565476
166,-136.18069662998192
167,-146.79858332613657
168,-150.69378515992054
169,-149.10120703907558
170,-135.3685949598363
171,-153.87708263222734
172,-156.864976816928
173,-159.38977660898925
174,-159.51814142456595
175,-153.73906545826765
176,-152.12938434766556
177,-155.22095788224368
178,-155.10173076813072
179,-154.25232562820054
180,-149.72705832091236
181,-159.66151351718247
182,-155.43161461225253
183,-153.586830983073
184,-157.54878993658127
185,-155.03380737836756
186,-159.56724468146066
187,-146.42882022564572
188,-154.56992010501335
189,-152.40415833907733
190,-149.95614695928577
191,-147.94463674229956
192,-162.581409099929
193,-143.84259592709455
194,-151.9501379298204
195,-154.92593676886446
196,-149.59420639251113
197,-143.8677293937813
198,-151.91866547608058
199,-154.67688345975057
200,-159.13855382810476
201,-146.40885716502953
202,-158.12734909886154
203,-149.4708790248837
204,-147.88954325395417
205,-151.367144940051
206,-154.76556967501168
207,-159.87826738076944
208,-146.59172205690786
209,-159.7716324728361
210,-151.00422096431603
211,-148.55305307933878
212,-158.15569913756246
213,-150.67882593477373
214,-147.09021036952743
215,-162.21054174416633
216,-149.15352730793825
217,-154.51256844419473
218,-149.08374574214537
219,-156.90091429490616
220,-162.18347333342882
221,-151.3448547874827
222,-152.34075191708573
223,-139.1262643932349
224,-154.83123119148934
225,-150.93070455362644
226,-157.8933983514928
227,-150.75837954403556
228,-158.3643533906437
229,-155.35522580219117
230,-162.26807672651208
231,-147.32807762887012
232,-159.88574667115586
233,-160.88167300700871
234,-153.43871903850345
235,-151.17141614064104
236,-158.38627108404663
237,-152.21494688124287
238,-152.4413438772366
239,-155.85599223201686
240,-157.59510636392977
241,-159.0714699098855
242,-154.89439874806848
243,-142.27307368747609
244,-157.2891557171783
245,-157.54998827604365
246,-145.0125067231383
247,-157.26315080402102
248,-152.91377983205973
249,-155.97785998220488
250,-153.83054496950888
251,-151.052874138584
252,-155.43134958448735
253,-157.85758465098354
254,-146.13544726285886
255,-152.55333073657965
256,-159.70674245749757
257,-160.90418293737116
258,-155.33134744770274
259,-148.2540669274658
260,-155.2733703601778
261,-157.24696497408866
262,-158.7237117382174
263,-158.43952741864788
264,-153.84936457748142
265,-143.898238309165
266,-154.96501831140063
267,-152.6869314528945
268,7.364167530448569
269,-175.33017466162863
270,-174.21266100645113
271,-175.56580009184125
272,-170.81094901890617
273,-175.61943485003707
274,-56.60670224019304
275,-10.849162443213281
276,-27.626072378652353
277,-23.955056764209413
278,-32.49808150512961
279,-55.21108588847693
280,1.4327980872286439
281,3.5514227810703396
282,0.3954458890356811
283,1.0841693812083442
284,0.17220448329047144
285,-9.619960396059014
286,-2.1721797504881017
287,-17.39979077564207
288,-155.55385857701995
289,-13.6811607218836
290,-6.520938877363722
291,-1.7135437756774579
292,-11.278646123430804
293,-18.54821469754144
294,-178.28583257632738
295,-11.496654237293761
296,-27.16660810866428
297,-26.607964516995526
298,-39.14969389526677
299,-17.61795791229906
300,-7.949622335765412
301,-10.126564105905125
302,-8.360529760793913
303,-0.8416699901290059
304,-20.58639921865229
305,0.43593253533246923
306,1.6947756344998197
307,-8.353431526849096
308,-0.17108586647963264
309,-17.970339790275084
310,1.2594817380451246
311,-6.590741540145046
312,-8.351613323872659
313,-18.890583000898154
314,-4.412599085874838
315,-23.607331180308645
316,-3.368423028525786
317,-15.681077676647568
318,-17.31337128783919
319,-7.028323721354344
320,-1.8181040439582006
321,-7.919532668861219
322,-28.089657606370878
323,-10.928168803508989
324,-1.9661807899886767
325,-5.402699662116714
326,-18.89243625056573
327,-16.933998058973188
328,-10.383394546556104
329,-4.58580995815495
330,0.646471117230206
331,-10.285718182187509
332,-0.11695457208078608
333,-2.0337715333546065
334,-13.89752458657889
335,10.218713036589655
336,-16.1677326144832
337,-9.348312179790021
338,3.9984593466045837
339,-2.5131678630038827
340,-11.722947454907121
341,9.380261131912135
342,-17.033254578412297
343,-5.462487234371398
344,0.753954566142589
345,5.075076007075605
346,-21.071662669144597
347,6.836297009023305
348,-0.9406662963450358
349,-28.97495054774603
350,-29.698627174763196
351,14.499313151396144
352,-11.689994248456983
353,-3.058764970403484
354,-16.035354177838474
355,-7.204023691556678
356,-7.18745358623185
357,7.53550950885969
358,-46.417143025464824
359,-11.515369470014285
360,-12.135014692230964
361,-10.621735197410853
362,-7.129511313160407
363,-7.531825259992804
364,-7.941575845443971
365,-61.93457223166892
366,-14.553380267341531
367,-22.514180902560646
368,5.27246263778509
369,-173.3355106774922
370,-170.94629866837624
371,-173.35213075698942
372,-163.72160399691964
373,-5.274526520715547
374,0.6582879304643683
375,5.280420202727637
376,-31.132181636054007
377,0.7765258610319563
378,-4.833128231651052
379,6.346975761284323
380,-0.2745584948412336
381,0.4854908330937633
382,8.338579617304092
383,5.338610180283563
384,5.338576839063904
385,8.338590809674677
386,8.338592627076622
387,8.338576140802147
388,8.33857104667921
389,8.33857915149077
390,8.338579357807642
391,8.338574127818749
392,8.338577668891432
393,8.338573818199013
394,8.338581726415882
395,8.338582008065643
396,8.338582634897591
397,8.3385890628569
398,8.338573868237173
399,8.338586381404582
400,8.338581646624185
401,8.338585683627887
402,8.338577355358101
403,8.33858114282894
404,8.33857744981701
405,8.338584356607669
406,8.33857374645007
407,8.338567024885272
408,8.338574548110493
409,8.338569688728313
410,8.338579215324504
411,8.338579325290436
412,8.338571593694404
413,8.33857375882361
414,8.338576148896411
415,8.338576472054744
416,8.3385641140287
417,8.338585976198114
418,8.338573118748371
419,8.338572085317235
420,8.338580610951585
421,8.338575024184841
422,8.33857360251936
423,8.3385744554263
424,8.338562456738345
425,8.338579694654662
426,8.33857578323829
427,8.338576613795446
428,8.338581283581501
429,8.338579709266362
430,8.338581658424559
431,8.338574286462283
432,8.338575738734814
433,8.338576022996698
434,8.338571139845435
435,8.338584495189991
436,8.338576587225788
437,8.338575964386198
438,8.338580392486115
439,8.338581752773177
440,8.33856791299321
441,8.338574214197177
442,8.338577707196453
443,8.338575770385365
444,8.338573155209254
445,8.338576678579543
446,8.338582695391509
447,8.338575766521238
448,8.338575236217473
449,8.33857905457003
450,8.338570335680075
451,8.338577120083869
452,8.338581927475087
453,8.338578286480438
454,8.338570212673467
455,5.339939504439428
456,3.194846843903214
457,3.127817759665554
458,-14.92784636900736
459,-168.39086300731967
460,-169.3837982471272
461,-168.44126499919165
462,-167.10200938603117
463,-165.83880376933104
464,-10.020941602401212
465,-26.95983409934796
466,-16.786926307079494
467,-61.42750181866495
468,-166.08303902332477
469,-165.69328843171027
470,1.6084632059118675
471,-21.326547304229187
472,1.955279002557198
473,1.3509027958480786
474,-22.379505223229373
475,4.742244032051719
476,5.446034860575782
477,5.370957276938839
478,-10.726306392914822
479,1.4103346626727742
480,-20.787041434975784
481,1.374686041630742
482,1.3082388307341937
483,1.4528254494124653
484,-13.327278208470101
485,-24.026922376816344
486,1.3695595472903186
487,-24.174513703566085
488,-23.035735412771835
489,-18.42224884500341
490,1.5062584591041208
491,1.5115876158135642
492,-21.801994287682483
493,1.6073237464236598
494,2.132445098047441
495,-21.108614150643472
496,-7.828128444508096
497,-21.881674924045456
498,-79.63337881342439
499,-6.859079025723052
500,-7.791230092966348
501,-5.2078486506556665
502,-0.7510243073545269
503,-26.025325306974416
504,-166.77144105699512
505,-163.88126157766055
506,-162.88296779750038
507,-21.19919299179002
508,0.49290214146823885
509,-23.617460173767213
510,-4.057494294570308
511,-16.6788846860765
512,-19.059728918933338
513,1.239108661514507
514,6.53476888972887
515,-157.984186699389
516,-21.699277018298304
517,-23.47911387270442
518,-24.773432734255252
519,-20.116468760065978
520,-149.7217632492903
521,4.2815884722285595
522,-22.85329119131049
523,-1.3830244893003254
524,-1.241343462122181
525,1.0614369806185096
526,1.362053810901834
527,-26.8795800784923
528,1.3660553496545589
529,-9.240336361652083
530,-20.65982989851833
531,1.5292793661923199
532,1.3775359793918014
533,-23.005543556986357
534,-24.211328765766282
535,1.620569859795534
536,-136.56667199032248
537,-168.81330094645318
538,1.4458542929977334
539,1.3197551757930412
540,1.3305674119510513
541,-23.7011040822033
542,-17.26334411002869
543,-22.30626523778924
544,1.1783645359791528
545,-31.747906056433234
546,5.412783938224784
547,-16.786001594053605
548,2.7853566021905074
549,1.4737897433405465
550,-166.67664954944908
551,-10.575368086429469
552,-50.70621176864214
553,-24.546480515341344
554,-166.84499101318883
555,-169.2802382156076
556,-166.9139068507405
557,-168.3487752102136
558,-15.942510287165211
559,-166.8651322481164
560,-168.60347053612176
561,-149.29584803611033
562,-165.90188819108647
563,-164.58412566723018
564,-167.0009884586543
565,-150.90849546850507
566,-115.08606271653036
567,-164.58391127519005
568,-167.68399227824187
569,-149.261066115196
570,-166.64968331231967
571,-166.0574552926036
572,-167.09345519002767
573,-162.94603007190287
574,-166.51256891408448
575,-168.3997382421585
576,-148.52459922426533
577,-166.22790676318385
578,-166.99075806416806
579,-116.85462668400604
580,-167.7027143259071
581,-165.14593134826092
582,-167.66063449920412
583,-167.16883221143894
584,-164.2925722425874
585,-164.52414844088273
586,-166.23679424657163
587,-165.98525413127538
588,-167.51032103082798
589,-163.64381097637585
590,-165.02902646295132
591,-166.79793900628164
592,-167.43201865661834
593,-165.84923428941477
594,-167.0641944282897
595,-151.65965036732456
596,-164.18897157111527
597,-168.45679463435553
598,-168.83207223641608
599,-149.31516837510102
600,-166.19036914020973
601,-163.0278832426924
602,-165.98664516576022
603,-165.30055951298746
604,-124.88990998885255
605,-165.7650513107715
606,-166.2664687556431
607,-165.83250705392106
608,-165.12016330500518
609,-166.1518546680224
610,-168.97768645778592
611,-167.9278763744492
612,-166.51336457131674
613,-168.37907713355634
614,-163.45341183107905
615,-164.13075251130186
616,-165.77934550658065
617,-165.95445794428343
618,-166.903496029863
619,-166.60692410366633
620,-166.62894839511532
621,-166.5017893301538
622,-166.96119367309967
623,-165.60100846951397
624,-166.81676582047905
625,-167.612508076977
626,-169.07501894912997
627,-166.72124936949433
628,-165.0690805023294
629,-167.9755250391401
630,-166.33928231040966
631,-167.8197460574229
632,-159.90301179758848
633,-125.06969985865486
634,-1.4092317431550967
635,-3.720395480944468
636,-159.76477994709106
637,-31.287639287431233
638,-166.83567702009356
639,-163.59459165032712
640,-163.97444665660493
641,-164.83679469859356
642,-166.1129261124272
643,-168.67938251421236
644,-164.0336545633706
645,-166.2566622522759
646,-156.80141647058298
647,-167.3703831866922
648,-162.245972464197
649,-162.3868941378289
650,-164.34534563127954
651,-166.39274826276406
652,-167.91019539246253
653,-166.73893032810275
654,-164.64522321946055
655,-162.210499991194
656,-166.441090843456
657,-157.48019058462606
658,-109.21004827760432
659,-161.8782428248811
660,-164.91916000920435
661,-166.46465537537227
662,-169.29737243325943
663,-166.007164588404
664,-162.17240670582655
665,-163.13116855897758
666,-165.26394130261005
667,-168.46126340640748
668,-163.2225348570164
669,-165.269736734418
670,-163.1360336403366
671,-166.70958499196837
672,-165.70351178727623
673,-167.8372984501152
674,-162.33095238018333
675,-163.58542803876804
676,-166.67431706212574
677,-167.97525353182618
678,-167.54193718011015
679,-6.991513531203349
680,6.093075525829281
681,-34.267904863802826
682,-167.49645580802698
683,-164.77187454524022
684,-165.44140453780005
685,3.545498904743802
686,1.6621468543913345
687,3.5903487132117853
688,-1.3934218765741804
689,4.339585151256685
690,3.3554504332881656
691,9.824121996334885
692,4.834605802469859
693,3.3876036671727334
694,-16.49699923803606
695,3.481962781077282
696,7.01264546292218
697,-0.6152134748932454
698,4.119533876972479
699,-7.916148409438463
700,3.2572473890625275
701,3.601559151500549
702,6.582428407079284
703,7.201296543716616
704,-7.365836026610538
705,3.3675562941932995
706,3.6178651832476874
707,3.102084282510752
708,3.3065052886720068
709,3.4429131896251057
710,2.9964702709129014
711,3.5354366551365786
712,-161.15752357425424
713,3.39747531907166
714,3.3322779170561034
715,3.6417106992071737
716,3.1810808742260157
717,3.2426663666488302
718,8.09400767880338
719,-1.7374091711423958
720,3.7290391870901196
721,-12.02677221707835
722,3.4897163934161526
723,4.801379032736797
724,3.254722888707093
725,-131.55540861227445
726,-157.0607527202505
727,-166.51091330386006
728,1.5978108022955482
729,-19.998293359180494
730,-22.547083348350792
731,-25.368035465473902
732,8.275451370529652
733,-101.80021155872636
734,1.0240924060703627
735,-47.29259169544289
736,-1.5430093812795747
737,0.5725490536940221
738,-3.4708768325154438
739,10.653878004647037
740,-18.521469230970737
741,-2.908921337260523
742,-0.6169171357488352
743,-1.231123521108195
744,-1.720710553001343
745,-1.8277125180170817
746,-13.654963787500796
747,-1.54127089611859
748,-8.300413669806147
749,-8.733865622282817
750,-1.4575841229851534
751,8.338570708217247
752,-3.7962543396124673
753,-10.263351060416824
754,0.060012480576723704
755,2.2586776269517514
756,8.338579830816549
757,-5.541779849845735
758,2.9125555342452785
759,2.629661034639728
760,-4.79865715449575
761,0.40671807487125733
762,5.338572626534585
763,-2.3111911027434573
764,8.338579475997289
765,3.153493540377397
766,8.338601900175412
767,3.0265562332976046
768,8.33857998345633
769,-5.0547727487049805
770,0.5453919911334459
771,-2.3816025457692973
772,8.338562479446118
773,8.338577205522313
774,5.1080388601142985
775,8.33858369072858
776,8.338574262289804
777,8.33887421529791
778,3.5153176413742706
779,-3.6180294366399757
780,8.338559989638355
781,8.338579313547722
782,8.338576823736734
783,-0.01570510521386481
784,8.338578135205147
785,0.9630347249047428
786,-5.919137687833725
787,-4.90740822991884
788,-8.319486819644753
789,-0.41419097207636923
790,-3.7820412980311513
791,8.338577830728664
792,8.338579743516874
793,-2.369632613159137
794,8.338579251595622
795,8.338579874827076
796,8.338572766438485
797,8.338543482807886
798,8.338576706055779
799,4.342721353106587
800,8.338582443353335
801,8.338579588466665
802,8.338572666069744
803,8.338588309533115
804,8.33858348203881
805,5.3720754405568485
806,8.338579799679842
807,5.343326404778907
808,8.338575810392346
809,8.338293469551346
810,8.338576690276518
811,8.325134875344993
812,-0.7545964254327799
813,8.338593382143614
814,8.338573522551705
815,8.338585964577963
816,8.338580205022321
817,5.339316069487239
818,8.338586857403978
819,3.6713385020651437
820,8.338583330419254
821,8.338583646254168
822,8.338562343009059
823,8.338574091450894
824,8.338595311723704
825,8.338587141758822
826,8.306045854793716
827,8.338581101854402
828,8.334372536800092
829,8.33604913118032
830,8.333969719356901
831,8.338567391940707
832,8.338575431234894
833,8.338576256422908
834,8.338574994197803
835,8.338567586542695
836,8.338575471993767
837,8.338577114844668
838,8.33857293537475
839,8.338569758906644
840,4.6717034449862815
841,1.3385462151801093
842,5.285702586960163
843,8.338573653595283
844,8.338570131773988
845,8.338577196203719
846,3.6538321637107174
847,1.75589333792011
848,8.33857551061693
849,8.33857705579302
850,1.8103485058496602
851,-0.46156399846736207
852,-7.903554974861997
853,-3.1565582687623532
854,8.338569022917866
855,8.338575399840323
856,8.338576941236195
857,8.33858354805652
858,5.110431416871066
859,8.338580542297354
860,8.338547109389474
861,8.338574756196113
862,8.338571713322462
863,8.338576732449248
864,5.40711708378344
865,8.338574141484727
866,8.337949514306118
867,8.338584542061309
868,-0.3614032729853811
869,8.338572322340713
870,8.338575373457001
871,8.338578169160883
872,8.338582836554785
873,5.338726333817405
874,8.338581408138825
875,8.33858922246175
876,-6.395854510160454
877,-0.9389855618779954
878,2.110263002923052
879,-6.046095474098323
880,-11.402246313476356
881,8.338576259047326
882,8.337416004452226
883,8.338573719658562
884,8.338575572029079
885,8.338581476974678
886,8.338570928804046
887,8.336492548037302
888,8.338573212208857
889,8.338580039356337
890,8.338576930820032
891,8.33857433088787
892,8.338577020000283
893,8.33858651414831
894,8.33833902668325
895,8.338553327932026
896,8.338578671500379
897,8.338566869982778
898,-8.359726670123255
899,-1.3813133796049897
900,-3.7101911674542336
901,-1.4491028302321567
902,8.33850532699438
903,8.338574833786495
904,8.338581088158247
905,8.338580636792589
906,8.338576103775225
907,8.338577262657463
908,8.338543144499571
909,8.33857722854814
910,8.338583758197885
911,8.338581915207616
912,8.338575887025762
913,8.33858275994924
914,8.338578004721448
915,8.33857826022755
916,8.338573476044086
917,8.338575997093002
918,8.338589788022663
919,8.338573500054743
920,8.338576766862897
921,8.336491586904003
922,8.338578312465678
923,8.338581449427622
924,8.338059298554022
925,-0.37574977590050196
926,2.5990193076729824
927,5.980167787521815
928,1.087416007779236
929,-2.4434925355580965
930,-2.4413510374261094
931,-9.667883489579776
932,-0.37626441527046595
933,-0.8067975189539602
934,-10.962378104304172
935,-16.95169394358304
936,0.026308839389464822
937,-2.8017772692957514
938,-1.879997463931467
939,-3.7048105171980517
940,-7.968692572005935
941,-1.487907694849465
942,1.970577772703713
943,-2.8089923185964754
944,-10.201860817270664
945,-4.797558503866899
946,0.536526484589789
947,-7.273267625485413
948,-0.0648426351724396
949,-3.64525263705972
950,-3.9193761181210114
951,5.299907275529112
952,-13.902610781467818
953,3.623632948944863
954,16.064567671400766
955,-5.016387989026924
956,1.4543188009047796
957,-13.81584696488121
958,-2.131398640625335
959,-1.1569506039144102
960,-8.502189030213751
961,1.5950091844078464
962,-0.7433274871393216
963,-1.6367291793904393
964,5.753677549659585
965,-6.133691457743495
966,-0.5621114303876809
967,4.334884621484086
968,-2.263100142703319
969,-2.8753798376117032
970,-8.846365572226194
971,5.8132553780596155
972,3.5527957463920714
973,-12.077168135452244
974,-3.568148920074261
975,0.2623723888594398
976,-15.002350098816173
977,-1.4236318030570203
978,-5.357181488436121
979,-5.43852037464432
980,-15.914052125163602
981,-5.559892332599759
982,1.0465954003157698
983,-11.054996656512566
984,-5.616214943354837
985,-13.942824930884296
986,-10.242766603118
987,-15.513351362236346
988,-8.174030943563164
989,-8.465707117557713
990,-5.023254344288322
991,-10.09185952884637
992,-6.392523261841923
993,0.17933839381548466
994,-4.239244164745177
995,-3.8887766762779954
996,-4.973611383846162
997,-4.685817756391987
998,-3.7534366392553267
999,-13.33543741452633
1000,-0.6715707589789446
